       [,1] [,2] [,3] [,4] [,5]
  [1,]    0    0    0    0    0
  [2,]    0    0    0    0    1
  [3,]    0    0    0    0    2
  [4,]    0    0    0    0    3
  [5,]    0    0    0    0    4
  [6,]    0    0    0    1    1
  [7,]    0    0    0    1    2
  [8,]    0    0    0    1    3
  [9,]    0    0    0    1    4
 [10,]    0    0    0    2    2
 [11,]    0    0    0    2    3
 [12,]    0    0    0    2    4
 [13,]    0    0    0    3    3
 [14,]    0    0    0    3    4
 [15,]    0    0    0    4    4
 [16,]    0    0    1    1    1
 [17,]    0    0    1    1    2
 [18,]    0    0    1    1    3
 [19,]    0    0    1    1    4
 [20,]    0    0    1    2    2
 [21,]    0    0    1    2    3
 [22,]    0    0    1    2    4
 [23,]    0    0    1    3    3
 [24,]    0    0    1    3    4
 [25,]    0    0    1    4    4
 [26,]    0    0    2    2    2
 [27,]    0    0    2    2    3
 [28,]    0    0    2    2    4
 [29,]    0    0    2    3    3
 [30,]    0    0    2    3    4
 [31,]    0    0    2    4    4
 [32,]    0    0    3    3    3
 [33,]    0    0    3    3    4
 [34,]    0    0    3    4    4
 [35,]    0    0    4    4    4
 [36,]    0    1    1    1    1
 [37,]    0    1    1    1    2
 [38,]    0    1    1    1    3
 [39,]    0    1    1    1    4
 [40,]    0    1    1    2    2
 [41,]    0    1    1    2    3
 [42,]    0    1    1    2    4
 [43,]    0    1    1    3    3
 [44,]    0    1    1    3    4
 [45,]    0    1    1    4    4
 [46,]    0    1    2    2    2
 [47,]    0    1    2    2    3
 [48,]    0    1    2    2    4
 [49,]    0    1    2    3    3
 [50,]    0    1    2    3    4
 [51,]    0    1    2    4    4
 [52,]    0    1    3    3    3
 [53,]    0    1    3    3    4
 [54,]    0    1    3    4    4
 [55,]    0    1    4    4    4
 [56,]    0    2    2    2    2
 [57,]    0    2    2    2    3
 [58,]    0    2    2    2    4
 [59,]    0    2    2    3    3
 [60,]    0    2    2    3    4
 [61,]    0    2    2    4    4
 [62,]    0    2    3    3    3
 [63,]    0    2    3    3    4
 [64,]    0    2    3    4    4
 [65,]    0    2    4    4    4
 [66,]    0    3    3    3    3
 [67,]    0    3    3    3    4
 [68,]    0    3    3    4    4
 [69,]    0    3    4    4    4
 [70,]    0    4    4    4    4
 [71,]    1    1    1    1    1
 [72,]    1    1    1    1    2
 [73,]    1    1    1    1    3
 [74,]    1    1    1    1    4
 [75,]    1    1    1    2    2
 [76,]    1    1    1    2    3
 [77,]    1    1    1    2    4
 [78,]    1    1    1    3    3
 [79,]    1    1    1    3    4
 [80,]    1    1    1    4    4
 [81,]    1    1    2    2    2
 [82,]    1    1    2    2    3
 [83,]    1    1    2    2    4
 [84,]    1    1    2    3    3
 [85,]    1    1    2    3    4
 [86,]    1    1    2    4    4
 [87,]    1    1    3    3    3
 [88,]    1    1    3    3    4
 [89,]    1    1    3    4    4
 [90,]    1    1    4    4    4
 [91,]    1    2    2    2    2
 [92,]    1    2    2    2    3
 [93,]    1    2    2    2    4
 [94,]    1    2    2    3    3
 [95,]    1    2    2    3    4
 [96,]    1    2    2    4    4
 [97,]    1    2    3    3    3
 [98,]    1    2    3    3    4
 [99,]    1    2    3    4    4
[100,]    1    2    4    4    4
[101,]    1    3    3    3    3
[102,]    1    3    3    3    4
[103,]    1    3    3    4    4
[104,]    1    3    4    4    4
[105,]    1    4    4    4    4
[106,]    2    2    2    2    2
[107,]    2    2    2    2    3
[108,]    2    2    2    2    4
[109,]    2    2    2    3    3
[110,]    2    2    2    3    4
[111,]    2    2    2    4    4
[112,]    2    2    3    3    3
[113,]    2    2    3    3    4
[114,]    2    2    3    4    4
[115,]    2    2    4    4    4
[116,]    2    3    3    3    3
[117,]    2    3    3    3    4
[118,]    2    3    3    4    4
[119,]    2    3    4    4    4
[120,]    2    4    4    4    4
[121,]    3    3    3    3    3
[122,]    3    3    3    3    4
[123,]    3    3    3    4    4
[124,]    3    3    4    4    4
[125,]    3    4    4    4    4
[126,]    4    4    4    4    4
