

print('## 2 ########################')
om = np.array([
[0,6,1,6,5,5,0,6,5,8,1],
[4,0,5,5,5,5,0,6,4,5,1],
[9,5,0,7,6,7,2,9,9,9,1],
[4,5,3,0,3,3,2,4,4,5,0],
[5,5,4,7,0,1,1,9,5,7,1],
[5,5,3,7,9,0,2,8,4,9,2],
[10,10,8,8,9,8,0,10,10,8,3],
[4,4,1,6,1,2,0,0,4,4,1],
[5,6,1,6,5,6,0,6,0,8,1],
[2,5,1,5,3,1,2,6,2,0,1],
[9,9,9,10,9,8,7,9,9,9,0]])
results11 = np.vstack((results11, measure(11,0,rep=1,om=om)))

print('## 5 ########################')
om = np.array([
[0,5,8,8,8,7,7,9,8,9,8],
[5,0,9,8,7,6,8,8,6,7,8],
[2,1,0,3,4,2,4,7,4,6,3],
[2,2,7,0,4,6,6,5,3,5,5],
[2,3,6,6,0,7,4,8,5,5,6],
[3,4,8,4,3,0,6,6,4,4,7],
[3,2,6,4,6,4,0,7,7,7,4],
[1,2,3,5,2,4,3,0,5,4,4],
[2,4,6,7,5,6,3,5,0,6,6],
[1,3,4,5,5,6,3,6,4,0,5],
[2,2,7,5,4,3,6,6,4,5,0]])
results11 = np.vstack((results11, measure(11,0,rep=1,om=om)))
print('## 6 ########################')
om = np.array([
[0,5,5,4,8,8,5,6,6,6,5],
[5,0,4,4,9,8,5,7,6,7,6],
[5,6,0,7,9,8,5,7,7,8,6],
[6,6,3,0,9,9,5,8,7,8,6],
[2,1,1,1,0,2,2,3,2,5,5],
[2,2,2,1,8,0,5,4,4,7,5],
[5,5,5,5,8,5,0,5,7,7,6],
[4,3,3,2,7,6,5,0,7,8,5],
[4,4,3,3,8,6,3,3,0,5,4],
[4,3,2,2,5,3,3,2,5,0,5],
[5,4,4,4,5,5,4,5,6,5,0]])
results11 = np.vstack((results11, measure(11,0,rep=1,om=om)))

print('## 10 ########################')
om = np.array([
[0,8,6,4,6,3,7,7,4,6,4],
[2,0,5,4,5,3,4,3,3,3,2],
[4,5,0,3,7,6,5,4,1,5,1],
[6,6,7,0,8,7,7,6,5,7,6],
[4,5,3,2,0,6,7,5,4,7,1],
[7,7,4,3,4,0,7,7,5,5,3],
[3,6,5,3,3,3,0,4,4,4,3],
[3,7,6,4,5,3,6,0,3,5,1],
[6,7,9,5,6,5,6,7,0,7,4],
[4,7,5,3,3,5,6,5,3,0,3],
[6,8,9,4,9,7,7,9,6,7,0]])
results11 = np.vstack((results11, measure(11,0,rep=1,om=om)))